inc_signals <-
structure(c(1512628484.42318, 1512628507.1919, 1512628542.5716, 
1512628546.92005, 1512628551.10164, 1512628592.85173, 1512628617.46689, 
1512628629.04623, 1512628638.57527, 1512628644.9233, 1512628657.67228, 
1512628668.5702, 1512628685.15699, 1512628696.62803, 1512628697.34449, 
1512628700.70292, 1512628703.07912, 1512628707.19789, 1512628714.4461, 
1512628714.75976, 1512628714.83896, 1512628725.9267, 1512628729.96774, 
1512628734.88753, 1512628740.66687, 1512628744.02231, 1512628747.31016, 
1512628753.15943, 1512628758.07748, 1512628763.29143, 1512628767.41029, 
1512628769.12942, 1512628774.35856, 1512628774.40702, 1512628775.99001, 
1512628775.99904, 1512628777.46093, 1512628784.50212, 1512628788.38375, 
1512628795.65382, 1512628804.47915, 1512628829.55372, 1512628830.46933, 
1512628844.39422, 1512628848.69632, 1512628863.29435, 1512628866.98777, 
1512628869.48375, 1512628878.81043, 1512628885.15208, 1512628914.84262, 
1512628923.85315, 1512628925.11062, 1512628997.81231, 1512629068.76139, 
1512629077.3852, 1512629085.85648, 1512629120.04159, 1512629171.77402, 
1512629184.77654, 1512629209.08948, 1512629209.75364, 1512629213.85759, 
1512629233.62288, 1512629243.14723, 1512629261.57507, 1512629262.94304, 
1512629268.09769, 1512629282.67512, 1512629282.76123, 1512629286.06935, 
1512629308.58245, 1512629326.14312, 1512629335.81796, 1512629338.39163, 
1512629355.58646, 1512629361.62445, 1512629362.78236, 1512629363.60326, 
1512629370.01552, 1512629377.08755, 1512629377.5926, 1512629380.64624, 
1512629380.92652, 1512629384.66628, 1512629388.96812, 1512629390.32702, 
1512629391.32451, 1512629397.77614, 1512629401.5573, 1512629403.39868, 
1512629407.5013, 1512629407.69443, 1512629411.19035, 1512629411.61307, 
1512629413.02352, 1512629413.84219, 1512629418.76298, 1512629418.93205, 
1512629420.60909, 1512629432.29008, 1512629432.50137, 1512629433.28385, 
1512629433.70969, 1512629434.12033, 1512629435.55115, 1512629435.73683, 
1512629435.92755, 1512629437.19566, 1512629438.21916, 1512629438.44475, 
1512629438.92954, 1512629439.86004, 1512629439.88533, 1512629441.39604, 
1512629443.13854, 1512629443.6495, 1512629447.02442, 1512629447.43282, 
1512629447.44981, 1512629447.84371, 1512629447.92044, 1512629448.24428, 
1512629448.26561, 1512629448.86144, 1512629449.05164, 1512629450.3656, 
1512629450.48621, 1512629450.52836, 1512629450.52836, 1512629451.11772, 
1512629451.1211, 1512629451.72643, 1512629451.94112, 1512629452.44615, 
1512629452.65934, 1512629452.81468, 1512629453.98343, 1512629454.59684, 
1512629454.6018, 1512629454.6752, 1512629455.10877, 1512629456.8589, 
1512629457.57395, 1512629457.87227, 1512629458.48685, 1512629458.49238, 
1512629459.4101), class = c("POSIXct", "POSIXt"))
out_signals <-
structure(1512629355.58646, class = c("POSIXct", "POSIXt"))
result <-
structure(list(problems = structure(list(time = structure(logical(0), class = c("POSIXct", 
"POSIXt")), problem = character(0)), .Names = c("time", "problem"
), row.names = integer(0), class = "data.frame"), n_signals = 1, 
    penalty = 0), .Names = c("problems", "n_signals", "penalty"
))
