inc_signals <-
structure(c(1512627357.28422, 1512627380.18692, 1512627415.61136, 
1512627419.70995, 1512627424.12322, 1512627465.67084, 1512627490.24648, 
1512627501.89149, 1512627511.34136, 1512627517.76793, 1512627530.57512, 
1512627541.5687, 1512627558.15409, 1512627569.62368, 1512627570.24886, 
1512627573.49712, 1512627575.9199, 1512627580.174, 1512627587.33742, 
1512627587.64416, 1512627587.85937, 1512627598.80577, 1512627602.74449, 
1512627607.65373, 1512627613.66768, 1512627617.04974, 1512627620.31345, 
1512627625.92696, 1512627630.95765, 1512627636.29177, 1512627640.38308, 
1512627642.12617, 1512627647.12709, 1512627647.14751, 1512627648.89043, 
1512627648.91246, 1512627650.41545, 1512627657.58471, 1512627661.27189, 
1512627668.54154, 1512627677.3475, 1512627702.54776, 1512627703.23341, 
1512627717.25975, 1512627721.69066, 1512627736.03245, 1512627739.91782, 
1512627742.28332, 1512627751.79568, 1512627757.91807, 1512627787.61511, 
1512627796.66641, 1512627798.08219, 1512627870.70608, 1512627941.53177, 
1512627950.14394, 1512627958.62474, 1512627992.80805, 1512628044.54364, 
1512628057.48733, 1512628081.95222, 1512628082.52439, 1512628086.62552, 
1512628106.39324, 1512628115.91873, 1512628134.272, 1512628135.67847, 
1512628140.89637, 1512628155.43866, 1512628155.45728, 1512628158.82834, 
1512628181.34444, 1512628198.96493, 1512628208.58699, 1512628210.96471, 
1512628228.35489, 1512628234.29186, 1512628235.53878, 1512628236.43635, 
1512628242.79465, 1512628249.8636, 1512628250.36524, 1512628253.44469, 
1512628253.74569, 1512628257.61392, 1512628261.7382, 1512628263.06677, 
1512628264.09028, 1512628270.43736, 1512628274.32953, 1512628276.17493, 
1512628280.26696, 1512628280.44053, 1512628283.91042, 1512628284.29556, 
1512628285.69901, 1512628286.55726, 1512628291.53553, 1512628291.61749, 
1512628293.33364, 1512628305.15025, 1512628305.22982, 1512628306.03522, 
1512628306.37939, 1512628307.64967, 1512628308.22258, 1512628308.49127, 
1512628308.68253, 1512628309.96532, 1512628311.00093, 1512628311.19962, 
1512628311.70297, 1512628312.62507, 1512628312.66428, 1512628314.06296, 
1512628315.90529, 1512628316.31064, 1512628319.69685, 1512628320.19993, 
1512628320.20292, 1512628320.51667, 1512628320.71035, 1512628320.94263, 
1512628321.0321, 1512628321.57866, 1512628321.80793, 1512628323.1192, 
1512628323.20517, 1512628323.28108, 1512628323.28382, 1512628323.7841, 
1512628323.86442, 1512628324.38991, 1512628324.80366, 1512628325.21697, 
1512628325.42142, 1512628325.53088, 1512628326.65666, 1512628327.37246, 
1512628327.37351, 1512628327.45035, 1512628327.76303, 1512628329.5787, 
1512628330.33687, 1512628330.64403, 1512628331.18201, 1512628331.18201, 
1512628332.0792), class = c("POSIXct", "POSIXt"))
out_signals <-
structure(1512628228.35489, class = c("POSIXct", "POSIXt"))
result <-
structure(list(problems = structure(list(time = structure(logical(0), class = c("POSIXct", 
"POSIXt")), problem = character(0)), .Names = c("time", "problem"
), row.names = integer(0), class = "data.frame"), n_signals = 1, 
    penalty = 0), .Names = c("problems", "n_signals", "penalty"
))
