inc_signals <-
structure(c(1512933651.61176, 1512933674.28467, 1512933709.75058, 
1512933714.08752, 1512933718.28374, 1512933760.03104, 1512933784.64488, 
1512933796.12331, 1512933805.65393, 1512933811.99355, 1512933824.79337, 
1512933835.74287, 1512933852.32853, 1512933863.76476, 1512933864.41912, 
1512933867.84474, 1512933870.17767, 1512933874.40753, 1512933881.52119, 
1512933881.86875, 1512933882.06467, 1512933893.01279, 1512933897.13472, 
1512933902.06159, 1512933907.7847, 1512933911.22047, 1512933914.45592, 
1512933920.29186, 1512933925.25584, 1512933930.45255, 1512933934.58268, 
1512933936.31015, 1512933941.45493, 1512933941.46992, 1512933943.12142, 
1512933943.13636, 1512933944.59203, 1512933951.64186, 1512933955.47071, 
1512933962.73571, 1512933971.65734, 1512933996.73067, 1512933997.59219, 
1512934011.8377, 1512934015.88326, 1512934030.26435, 1512934034.06382, 
1512934036.56436, 1512934045.90733, 1512934052.26129, 1512934082.01256, 
1512934090.98176, 1512934092.22132, 1512934164.99786, 1512934235.90552, 
1512934244.56726, 1512934252.95026, 1512934287.21835, 1512934338.96515, 
1512934351.91319, 1512934376.27023, 1512934376.93181, 1512934380.96726, 
1512934400.74607, 1512934410.25086, 1512934428.68025, 1512934430.00576, 
1512934435.26716, 1512934449.76834, 1512934449.9388, 1512934453.24937, 
1512934475.68861, 1512934493.31342, 1512934502.94299, 1512934505.35142, 
1512934522.68184, 1512934528.65495, 1512934529.95131, 1512934530.79587, 
1512934537.16476, 1512934544.23615, 1512934544.70492, 1512934547.82915, 
1512934548.11492, 1512934551.82575, 1512934556.0974, 1512934557.40881, 
1512934558.44559, 1512934564.85584, 1512934568.70237, 1512934570.50136, 
1512934574.57888, 1512934574.86665, 1512934578.32363, 1512934578.73136, 
1512934580.10988, 1512934580.97813, 1512934585.91593, 1512934586.11379, 
1512934587.75575, 1512934599.4684, 1512934599.67167, 1512934600.47146, 
1512934600.81082, 1512934601.23263, 1512934602.6407, 1512934602.91316, 
1512934603.10587, 1512934604.34158, 1512934605.36165, 1512934605.60687, 
1512934606.09046, 1512934607.02874, 1512934607.02981, 1512934608.48091, 
1512934610.23267, 1512934610.70109, 1512934614.09122, 1512934614.5866, 
1512934614.5866, 1512934614.93967, 1512934615.13562, 1512934615.3734, 
1512934615.45057, 1512934616.00914, 1512934616.22584, 1512934617.53372, 
1512934617.63333, 1512934617.71795, 1512934617.71795, 1512934618.21944, 
1512934618.30175, 1512934618.81485, 1512934619.11473, 1512934619.57254, 
1512934619.83633, 1512934619.99678, 1512934621.04468, 1512934621.75761, 
1512934621.81888, 1512934621.89002, 1512934622.19914, 1512934623.93275, 
1512934624.66723, 1512934624.99458, 1512934625.56216, 1512934625.6257, 
1512934626.49831), class = c("POSIXct", "POSIXt"))
out_signals <-
structure(1512934376.27023, class = c("POSIXct", "POSIXt"))
result <-
structure(list(problems = structure(list(time = structure(logical(0), class = c("POSIXct", 
"POSIXt")), problem = character(0)), .Names = c("time", "problem"
), row.names = integer(0), class = "data.frame"), n_signals = 1, 
    penalty = 36.1066818237305), .Names = c("problems", "n_signals", 
"penalty"))
